4
5
100
10000110000110101101010010101110110100110000000110011100110000001110111111111100000110011011001011000111010000000000
01100110011111101000000011111101011000111000000101111110000110011000011011011100011110011
100101101010000001101100111100110110000001000010000100011100111100001001010011011011110000011001000110111111010111100110011110100111100111010010000
1111101000011000011001110010010011100000011110011111110111101100110100101100100011100010100000011001110000110111010111100110111001010011000010101110100111101001100
10
0100010110101000001100110001001111110011001111010110001001011100010111
110101101011010101110011001100011000110101000110001100011
0110000100001011100001100100011100110001001111001101011010011100101101001010110001100101101011001101001000010110011001010111000010100101100110011101000011011011011001111011
1010000001111111001
11101111001110110100011100010101101011111000010000011100011001
11110001001000001000000001100001001001000110011101101101110110010101101110110000010110101
10110010100011101111111100110001000001011010
01110001111101101011111000000000110100010010101010001101000010000000101100111000000010111
10000000011101001101111110100001001100101010010100011100101101111001011000000010010000010111000100011111011010011011101110000010001010111110100101
111111111000001000011110010111011100111
13
110000000011101011111100100011010110110100010010111001011010101010000110111111110010100001101000100111101000111101011001111111100011100010101001101001010101100101010001011011111011111111101
11100010101010101011001100101011111111001110000100110001001001110011111000100101110010100000110111010010001101010011001111100100001000111001100100000011110000010111100000110000010010001001000010110111
110110011001010000001010100001111010011011
0010110110010110110100000110001001010101111100011001001010100001110001110010111010010110000010101001101100111000001110111100110111001111101011011100010100
0111101111110101011001001000
010001111000110111101100011011000100011110111001111
100111100
00001110010000001110000011000000101010001101101011011101001001110011001011101101000110000001110110100001011101001101101001101110100110
10100011001111010100001110111010010011111001000001001110111011010111011011110110010110001110011000011
110000100011101110100111001011
001000100101100010110111111100000100111011101001000111000110110100000101011111001110010111100001001011110000010101000011010010110001110000001011110101100101101101000000000000111101111100
10000100100010
10001000111100111110100001000101111111100011000010010010110101000011101001111111110011010
7
01011010100000111110001001110100001100111111011100000101010000110000101010111011011101010011000010000100111100001010111010111110110000001111010111111010100011
01001001100100111010111001000101001
001000100011000001001011110000000100110111100100000101111111111110101101111101101101110000101010011001110000110
1010110011011110000111011110000101100100001010001010110001011000100110100001101000010010011110100111111111101001110111110111101101010011100100011101000111000010111110010001100
111010101101111001101010011111010111101111010011111010011110111100100010011010101
100101110001100000110111100111100010101101101
00111000101110100101100010100011010011
