74

6 3 0 2
0 1 50
2 1 70
0 2 150

2 1 0 1
1 0 10000

2 1 0 1
1 0 111

2 2 0 1
1 0 100
0 1 33

2 1 0 1
0 1 100

3 3 2 0
0 1 100
0 2 200
1 2 50

2 0 0 1

14 20 13 2
0 1 123
1 2 467
2 3 478
4 5 578
5 3 47
2 6 256
7 2 246
5 9 245
5 3 1245
8 2 575
9 4 235
2 8 437
9 12 367
13 7 587
11 9 476
9 5 34
11 13 35
13 10 2
12 11 7
12 6 235

14 16 11 2
0 1 123
1 2 467
2 3 478
4 5 578
5 3 47
2 6 256
7 2 246
5 9 245
5 3 1245
9 4 235
9 12 367
13 7 587
11 9 476
9 5 34
13 11 2
12 11 7

4 5 0 3
0 2 17
0 3 18
2 3 11
2 1 2
0 1 4

4 7 0 3
0 1 14
0 2 17
1 0 11
0 3 18
2 3 11
2 1 2
0 1 4

4 7 2 1
0 1 14
0 2 17
1 0 11
0 3 18
2 3 11
2 1 2
0 1 4

6 7 0 4
0 1 14
0 2 17
1 0 11
0 3 18
2 3 11
2 1 2
0 1 4

14 20 13 2
0 1 123
1 2 4567
2 3 4578
4 5 5678
5 3 47
2 6 256
7 2 2346
5 9 2345
5 3 12345
8 2 5785
9 4 2345
2 8 4367
9 12 3467
13 7 5687
11 9 4576
9 5 34
11 13 345
13 11 2
12 11 7
12 6 235898

14 20 13 2
0 1 123
1 2 467
2 3 478
4 5 578
5 3 47
2 6 256
7 2 246
5 9 245
5 3 1245
8 2 575
9 4 235
2 8 437
9 12 367
13 7 587
11 9 476
9 5 34
11 13 35
13 10 2
12 11 7
12 6 235

14 16 11 2
0 1 123
1 2 467
2 3 478
4 5 578
5 3 47
2 6 256
7 2 246
5 9 245
5 3 1245
9 4 235
9 12 367
13 7 587
11 9 476
9 5 34
13 11 2
12 11 7

6 7 0 4
0 1 14
0 2 17
1 0 11
0 3 18
2 3 11
2 1 2
0 1 4

6 7 3 0
0 1 14
0 2 17
1 0 11
0 3 18
2 3 11
2 1 2
0 1 4

6 7 0 2
0 1 14
0 2 17
1 0 11
0 3 18
2 3 11
2 1 2
0 1 4

6 7 0 1
0 1 14
0 2 17
1 0 11
0 3 18
2 3 11
2 1 2
0 1 4

6 7 0 0
0 1 14
0 2 17
1 0 11
0 3 18
2 3 11
2 1 2
0 1 4

6 7 1 2
0 1 14
0 2 17
1 0 11
0 3 18
2 3 11
2 1 2
0 1 4

6 7 2 3
0 1 14
0 2 17
1 0 11
0 3 18
2 3 11
2 1 2
0 1 4

5 5 0 4
0 1 3
1 0 2
1 0 1
0 1 4
1 4 1000

6 9 5 2
0 1 4
0 2 2
1 2 1
1 3 5
2 3 8
2 4 10
3 4 2
3 5 6
4 5 3

6 9 3 2
0 1 4
0 2 2
1 2 1
1 3 5
2 3 8
2 4 10
3 4 2
3 5 6
4 5 3

6 9 4 3
0 1 4
0 2 2
1 2 1
1 3 5
2 3 8
2 4 10
3 4 2
3 5 6
4 5 3

6 9 5 5
0 1 4
0 2 2
1 2 1
1 3 5
2 3 8
2 4 10
3 4 2
3 5 6
4 5 3

6 13 0 5
0 1 14
0 2 17
1 0 11
0 3 18
2 3 11
2 1 2
0 1 4
0 2 7
1 0 1
0 3 8
2 3 1
2 1 2
5 3 100

6 13 1 5
0 1 14
0 2 17
1 0 11
0 3 18
2 3 11
2 1 2
0 1 4
0 2 7
1 0 1
0 3 8
2 3 1
2 1 2
5 3 100

6 13 2 5
0 1 14
0 2 17
1 0 11
0 3 18
2 3 11
2 1 2
0 1 4
0 2 7
1 0 1
0 3 8
2 3 1
2 1 2
5 3 100

6 13 3 4
0 1 14
0 2 17
1 0 11
0 3 18
2 3 11
2 1 2
0 1 4
0 2 7
1 0 1
0 3 8
2 3 1
2 1 2
5 3 100

6 13 2 5
0 1 14
0 2 17
1 0 11
0 3 18
2 3 11
2 1 2
0 1 4
0 2 7
1 0 1
0 3 8
2 3 1
2 1 2
5 3 100

6 9 0 5
0 1 4
0 2 2
1 2 1
1 3 5
2 3 8
2 4 10
3 4 2
3 5 6
4 5 3

6 9 5 2
0 1 4
0 2 2
1 2 1
1 3 5
2 3 8
2 4 10
3 4 2
3 5 6
4 5 3

6 9 3 0
0 1 4
0 2 2
1 2 1
1 3 5
2 3 8
2 4 10
3 4 2
3 5 6
4 5 3

8 7 4 6
3 2 404
2 1 505
1 0 606
0 4 303
4 5 100
5 6 201
6 7 707

1 1 0 0
0 0 25

5 4 0 4
1 2 404
3 4 505
3 2 606
1 0 100

6 7 5 0
2 3 404
4 5 505
3 5 606
4 3 303
1 2 100
0 4 201
1 5 707

4 3 0 2
0 1 50
2 1 70
0 2 150

4 3 1 2
0 1 50
2 1 70
0 2 150

6 9 5 0
0 1 4
0 2 2
1 2 1
1 3 5
2 3 8
2 4 10
3 4 2
3 5 6
4 5 3

6 9 0 5
0 1 4
0 2 2
1 2 1
1 3 5
2 3 8
2 4 10
3 4 2
3 5 6
4 5 3

6 9 5 2
0 1 4
0 2 2
1 2 1
1 3 5
2 3 8
2 4 10
3 4 2
3 5 6
4 5 3

6 9 3 0
0 1 4
0 2 2
1 2 1
1 3 5
2 3 8
2 4 10
3 4 2
3 5 6
4 5 3

8 7 4 6
3 2 404
2 1 505
1 0 606
0 4 303
4 5 100
5 6 201
6 7 707

8 7 6 4
3 2 404
2 1 505
1 0 606
0 4 303
4 5 100
5 6 201
6 7 707

8 7 2 5
3 2 404
2 1 505
1 0 606
0 4 303
4 5 100
5 6 201
6 7 707

8 7 2 6
3 2 404
2 1 505
1 0 606
0 4 303
4 5 100
5 6 201
6 7 707

8 7 2 7
3 2 404
2 1 505
1 0 606
0 4 303
4 5 100
5 6 201
6 7 707

8 7 3 7
3 2 404
2 1 505
1 0 606
0 4 303
4 5 100
5 6 201
6 7 707

8 7 0 7
4 3 404
2 3 505
1 2 606
0 1 303
4 5 100
5 6 201
6 7 707

8 7 0 7
0 1 404
1 2 505
2 3 606
3 4 303
4 5 100
5 6 201
6 7 707

8 7 0 7
0 1 404
3 2 505
2 1 606
5 6 303
4 5 100
3 4 201
6 7 707

8 7 0 7
4 3 404
4 5 505
5 6 606
3 2 303
2 1 100
6 7 201
0 1 707

8 7 0 7
1 2 404
6 7 505
3 4 606
0 1 303
5 4 100
5 6 201
3 2 707

8 7 3 7
3 2 404
2 1 505
1 0 606
0 4 303
4 5 100
5 6 201
6 7 707

8 7 3 7
2 3 404
1 2 505
0 1 606
4 0 303
5 4 100
6 5 201
6 7 707

1 1 0 0
0 0 25

5 4 0 4
1 2 404
3 4 505
3 2 606
1 0 100

6 7 0 5
2 3 404
4 5 505
3 5 606
4 3 303
1 2 100
0 4 201
1 5 707

6 3 0 2
0 1 50
2 1 70
0 2 150

2 1 0 1
1 0 10000

2 1 0 1
0 1 103

2 0 0 1

2 0 1 0

4 3 0 3
2 0 50
1 2 70
3 1 150

2 1 0 1
0 1 100

3 3 2 0
0 1 100
0 2 200
1 2 50

4 3 0 3
2 0 50
1 2 70
3 1 150

2 1 0 1
0 1 100

3 3 2 0
0 1 102
0 2 202
1 2 52

4 3 1 0
1 2 104
2 3 204
0 3 54

