40
27
431989231
9
58222975
89948729
157941
315947958
4128
45294734
33723971
545958508
19803119
5
050209
9133835509
358
872
49280
541441705
3054281477
52535425
14523
8845
48844
4303914002
41777523
0911185133
7408
13
805470
5
55987711
903200
04
90122289
8535043
3544
9373
24028702
3707
1
98335257
8
2000747809
570827395
8224
0421
2021880
5110535
124859
1524811298
10
1032
109
5012223
98342
711118201
45
4
017579
84709
1733724922
22
42
5178
830234
35
3279
11988
17472
1422134784
8
85559
723849072
957229392
85128482
9
7
27
4132
85
1514872977
989
4217
27
17
037
849
35
8278
902
454
45148077
47124
1090379245
3312901
9
03432
03481
7740
30530830
091439973
85782
17
298484
9
99791
7290
90919
27
078
923207107
2234851148
43
08524
4191
2557344972
174
049780923
37002
78982
25
14071
23931
8573
833
3
2478
14129
091510545
920990
1512135508
974913451
04501
84292949
4889303
29
0399383377
8420949
99743
553
23315798
78509994
132424795
35
41428775
9870
19
021572
1809
0914
5
33
88372049
90
0370
0812909010
3390
532889
74728
5418222
93
24149102
305
8051711
338224188
5044
28
991990773
524947
94447519
102993
1703
0254240340
882424209
318102297
019335575
019712904
842051
17338232
05
501903
1278157
247
0951011
85352284
8
73554
2314
31
5505877
44772
07
90924930
21894
1973079745
12
05
33575
2315027
2
38
058428
5425093
83891
5705
544241
774
55
28
4387185
9003
43904248
070212838
04
5
3904378132
9958748
48431
92038
013
1712958
552
1235
884315
4854204398
3319
93422
519
04893
18
8
740917999
023747928
2
333123735
227802
950
4
05788
2328152
30308
3795
19
539392145
732
97
10552
957
1748303913
81
5200
8
5538881
57
702
278
135
870573000
7499518
129754
42111
2477777
30
58914250
59540329
59794984
217
9235883
97207
1799
133
498538
805885
027230
229
3983758294
949808815
32
071381474
089703515
85835495
09349
095190
9417987
0
9
89758
91143
40434
99072128
340875005
33531
4144924087
8
90590425
1459
0991407799
83
182224055
8
8393
55430
20
0003802
114045
58745315
4
2413475425
2
32099791
4731197
10550204
13735427
049817
217553272
829948
4938
91918
22500497
83
1985521
09908342
502379
8
1530733754
50124709
21
0147831241
52537935
7
9
28537
6
8538129393
85
9029
820
007
4
13
998799
541
1054538451
38422
4
271942
71181284
7975221144
9710903984
40
534810
4403497
0523394
2
809
70814474
17
25915
48
4813
0
732
28
9281397489
888051497
3327329
4515
71205
37421
211747242
89327029
0
121859521
85
25
899578
5192009253
21839293
24
885
4723800
977220
54428800
42
520835
272
332
03558
225418844
39934235
05
95894934
08829193
15
4879273558
33813157
3724325588
793114
03774
22
29
554519488
742
39477470
2844
4523042201
212880211
219
9792383580
410153330
283175
7800
3
844874
594958
18724
0823124074
89554
92
8138578807
1
2210
3329795
348
0327382
5
43544885
4
943
7903937753
17
745057
87311297
2
002182
72
3011708332
007745
5225
580
81015
8149489481
0117
5192378
294
3823
82347
048327
24
7872805
572853
40
754559355
31893
3071010777
012301
5537139
911782270
0558
5331
242082
415
3855928250
9951500
15209209
3891
8
15894
7104431
3243094
5942791352
58982
87031
8
05333433
8493398
18
459758138
385492
58
47204474
42122341
27
2
32949734
47517
51701238
13871
0014149920
121371409
430
34018148
907034744
78099
794894885
744
0018932
1105
4071840479
4239491879
35087
22
3857451
3
9
703917251
05023591
0028
539419134
18425595
6
14800
27201
94433994
79018
5304798
1290504431
5
8292843
4
13393
1117928
855
10
908044
950199
0825003038
77
9
999191
95755371
0214593810
792
4390810
25
5727478
20
40
8
331488
9285222552
93
8534991920
9132
1273527
9324030
018
471459589
98208
1903139
010937
528973280
01919
18951271
727152
2547401240
37729934
98535887
24771072
338842224
25
93154358
1952228751
0039
3307558400
191180
858
4300588
25
44
3339043317
21537
90887
8
83884354
1852408571
577203523
8470210809
5878408
8544
0520754483
7872393
1328009
12135082
032
92
25
977
88
254871943
29
89351330
482724
12727
027995588
0353241
1400057
38
0137212
55523
854083
84252921
1142
437712117
7210441318
80590
525253008
43804530
89392938
5441297055
83130
8009
30
2401
1854
78301
215925
2250
2753393373
4922087
20
343143499
32189
0947
8078
381743054
039300
4
1
9
18009
221
4575752
402385038
14892084
8
45555
4013144140
579982
024150815
3
907812
9504800
29
21
1783
94915749
0328
508
4
7039240
8988
2009
25
15972
00457
30
12997123
134838
38702
3019955
9004825
89
979705
3091374
995791945
111458130
18
3
225993570
31091038
4424
249549512
2
312
7123
17
80
5285091489
19831
532242
928
22578
95357
9807
774037
47918053
1184932017
428530
4028275
845127
414
4101101891
78118
19
2284
0704
2829388
21
4
8384
8314
25
4904804707
7
203387
4389570
773723959
822559874
917
85099343
231
254998
18244718
24
42
702742243
09
1034
9489509
112839158
1584398
2170
3279242421
9778143574
7
537
440294
73994052
750133
1249553391
5223
1770154902
0313
094845247
44528835
253
8821
98318474

